   1.0000000e+01
   1.0964782e+01
   1.2022644e+01
   1.3182567e+01
   1.4454398e+01
   1.5848932e+01
   1.7378008e+01
   1.9054607e+01
   2.0892961e+01
   2.2908677e+01
   2.5118864e+01
   2.7542287e+01
   3.0199517e+01
   3.3113112e+01
   3.6307805e+01
   3.9810717e+01
   4.3651583e+01
   4.7863009e+01
   5.2480746e+01
   5.7543994e+01
   6.3095734e+01
   6.9183097e+01
   7.5857758e+01
   8.3176377e+01
   9.1201084e+01
   1.0000000e+02
   1.0964782e+02
   1.2022644e+02
   1.3182567e+02
   1.4454398e+02
   1.5848932e+02
   1.7378008e+02
   1.9054607e+02
   2.0892961e+02
   2.2908677e+02
   2.5118864e+02
   2.7542287e+02
   3.0199517e+02
   3.3113112e+02
   3.6307805e+02
   3.9810717e+02
   4.3651583e+02
   4.7863009e+02
   5.2480746e+02
   5.7543994e+02
   6.3095734e+02
   6.9183097e+02
   7.5857758e+02
   8.3176377e+02
   9.1201084e+02
   1.0000000e+03
   1.0964782e+03
   1.2022644e+03
   1.3182567e+03
   1.4454398e+03
   1.5848932e+03
   1.7378008e+03
   1.9054607e+03
   2.0892961e+03
   2.2908677e+03
   2.5118864e+03
   2.7542287e+03
   3.0199517e+03
   3.3113112e+03
   3.6307805e+03
   3.9810717e+03
   4.3651583e+03
   4.7863009e+03
   5.2480746e+03
   5.7543994e+03
   6.3095734e+03
   6.9183097e+03
   7.5857758e+03
   8.3176377e+03
   9.1201084e+03
   1.0000000e+04
   1.0964782e+04
   1.2022644e+04
   1.3182567e+04
   1.4454398e+04
   1.5848932e+04
   1.7378008e+04
   1.9054607e+04
   2.0892961e+04
   2.2908677e+04
   2.5118864e+04
   2.7542287e+04
   3.0199517e+04
   3.3113112e+04
   3.6307805e+04
   3.9810717e+04
   4.3651583e+04
   4.7863009e+04
   5.2480746e+04
   5.7543994e+04
   6.3095734e+04
   6.9183097e+04
   7.5857758e+04
   8.3176377e+04
   9.1201084e+04
   1.0000000e+05
   1.0964782e+05
   1.2022644e+05
   1.3182567e+05
   1.4454398e+05
   1.5848932e+05
   1.7378008e+05
   1.9054607e+05
   2.0892961e+05
   2.2908677e+05
   2.5118864e+05
   2.7542287e+05
   3.0199517e+05
   3.3113112e+05
   3.6307805e+05
   3.9810717e+05
   4.3651583e+05
   4.7863009e+05
   5.2480746e+05
   5.7543994e+05
   6.3095734e+05
   6.9183097e+05
   7.5857758e+05
   8.3176377e+05
   9.1201084e+05
   1.0000000e+06
   1.0964782e+06
   1.2022644e+06
   1.3182567e+06
   1.4454398e+06
   1.5848932e+06
   1.7378008e+06
   1.9054607e+06
   2.0892961e+06
   2.2908677e+06
   2.5118864e+06
   2.7542287e+06
   3.0199517e+06
   3.3113112e+06
   3.6307805e+06
   3.9810717e+06
   4.3651583e+06
   4.7863009e+06
   5.2480746e+06
   5.7543994e+06
   6.3095734e+06
   6.9183097e+06
   7.5857758e+06
   8.3176377e+06
   9.1201084e+06
   1.0000000e+07
