   1.0000000e+01
   1.1220185e+01
   1.2589254e+01
   1.4125375e+01
   1.5848932e+01
   1.7782794e+01
   1.9952623e+01
   2.2387211e+01
   2.5118864e+01
   2.8183829e+01
   3.1622777e+01
   3.5481339e+01
   3.9810717e+01
   4.4668359e+01
   5.0118723e+01
   5.6234133e+01
   6.3095734e+01
   7.0794578e+01
   7.9432823e+01
   8.9125094e+01
   1.0000000e+02
   1.1220185e+02
   1.2589254e+02
   1.4125375e+02
   1.5848932e+02
   1.7782794e+02
   1.9952623e+02
   2.2387211e+02
   2.5118864e+02
   2.8183829e+02
   3.1622777e+02
   3.5481339e+02
   3.9810717e+02
   4.4668359e+02
   5.0118723e+02
   5.6234133e+02
   6.3095734e+02
   7.0794578e+02
   7.9432823e+02
   8.9125094e+02
   1.0000000e+03
   1.1220185e+03
   1.2589254e+03
   1.4125375e+03
   1.5848932e+03
   1.7782794e+03
   1.9952623e+03
   2.2387211e+03
   2.5118864e+03
   2.8183829e+03
   3.1622777e+03
   3.5481339e+03
   3.9810717e+03
   4.4668359e+03
   5.0118723e+03
   5.6234133e+03
   6.3095734e+03
   7.0794578e+03
   7.9432823e+03
   8.9125094e+03
   1.0000000e+04
   1.1220185e+04
   1.2589254e+04
   1.4125375e+04
   1.5848932e+04
   1.7782794e+04
   1.9952623e+04
   2.2387211e+04
   2.5118864e+04
   2.8183829e+04
   3.1622777e+04
   3.5481339e+04
   3.9810717e+04
   4.4668359e+04
   5.0118723e+04
   5.6234133e+04
   6.3095734e+04
   7.0794578e+04
   7.9432823e+04
   8.9125094e+04
   1.0000000e+05
   1.1220185e+05
   1.2589254e+05
   1.4125375e+05
   1.5848932e+05
   1.7782794e+05
   1.9952623e+05
   2.2387211e+05
   2.5118864e+05
   2.8183829e+05
   3.1622777e+05
   3.5481339e+05
   3.9810717e+05
   4.4668359e+05
   5.0118723e+05
   5.6234133e+05
   6.3095734e+05
   7.0794578e+05
   7.9432823e+05
   8.9125094e+05
   1.0000000e+06
   1.1220185e+06
   1.2589254e+06
   1.4125375e+06
   1.5848932e+06
   1.7782794e+06
   1.9952623e+06
   2.2387211e+06
   2.5118864e+06
   2.8183829e+06
   3.1622777e+06
   3.5481339e+06
   3.9810717e+06
   4.4668359e+06
   5.0118723e+06
   5.6234133e+06
   6.3095734e+06
   7.0794578e+06
   7.9432823e+06
   8.9125094e+06
   1.0000000e+07
